3D Modeling/dem.asc
ncols         143
nrows         206
xllcorner     170.0
yllcorner     855.0
cellsize      10.0
NODATA_value  -99999
[rows 68 to 101 of 205, columns 0 to 75 of 143]
55704 60140 59445 59893 58511 56416 54575 51709 48965 47101 43821 43429 43619 46759 45032 45265 45522 45446 45250 45239 45378 45776 46131 42766 42257 42381 42262 42831 44680 44501 43573 43501 43512 44333 46547 44873 43732 45052 44209 42549 42364 42637 42540 42444 42450 42548 42215 42852 42713 42545 42378 42210 42043 41875 41708 41540 41373 41205 41038 40870 40703 40535 40368 40200 40033 39865 39698 39530 39363 39196 39028 38861 38693 38526 38358 38191
51121 57065 56912 57358 56095 53296 50687 49842 48607 47288 47209 44969 44309 44762 46528 45510 45188 45284 45385 45801 46518 46000 42669 42231 42351 43145 43466 43076 43391 44517 44239 43702 43710 44362 46550 46326 43960 44460 42458 42233 42451 42543 42437 42561 42784 42479 42061 42942 42815 42647 42480 42312 42145 41977 41810 41642 41475 41307 41140 40972 40805 40637 40470 40302 40135 39967 39800 39632 39465 39297 39130 38962 38795 38627 38460 38292
50734 53266 51833 51176 51111 50915 48682 48418 48578 47650 46847 45572 45254 44272 45798 45797 45565 45549 45872 46794 45799 43814 42234 42496 42543 43629 43687 45257 43312 43149 43555 44204 43594 44050 45037 44882 44122 42586 42459 42265 42536 42338 42098 42377 42575 42404 41917 43029 42916 42749 42581 42414 42246 42079 41911 41744 41576 41409 41241 41074 40906 40739 40572 40404 40237 40069 39902 39734 39567 39399 39232 39064 38897 38729 38562 38394
52190 51623 49570 49378 48976 47610 48320 48214 48494 47715 46455 46002 45689 45261 45578 46553 48405 49406 49406 45956 44356 42510 42172 42332 41828 43124 45374 47517 47729 43296 43206 43382 42911 42870 43812 43610 42491 42321 41810 42267 43123 42731 42082 42041 42374 42368 42009 43129 43018 42851 42683 42516 42348 42181 42013 41846 41678 41511 41343 41176 41008 40841 40673 40506 40338 40171 40003 39836 39668 39501 39333 39166 38998 38831 38663 38496
52878 51156 49618 49579 49060 48342 49035 48378 48614 47752 46321 45954 45962 45814 45527 44929 45499 47729 46852 46067 42245 43107 43745 42815 42048 42627 45346 44396 44948 44588 42370 42623 42171 42415 42500 42257 40524 41731 42553 42965 43351 41938 42123 42054 42013 42229 42387 43245 43120 42952 42785 42617 42450 42283 42115 41948 41780 41613 41445 41278 41110 40943 40775 40608 40440 40273 40105 39938 39770 39603 39435 39268 39100 38933 38765 38598
54010 51857 51351 50998 50101 50851 49408 47898 48717 47941 46318 45972 46102 45688 45302 44409 43091 42593 43101 42538 42330 43074 42975 42349 43473 42732 44183 42381 42342 42440 42158 42226 42110 41828 41912 41000 41191 42256 43022 42411 42339 41997 42137 41768 41904 42308 42377 42808 42658 42526 42291 42085 42137 42070 41967 42062 41617 41247 41472 41480 41063 41175 41485 41078 41137 41130 41151 40959 40657 40989 40928 40780 40799 40763 40700 40789
55757 52904 52464 51826 51489 50743 50573 48790 48163 47951 46321 46051 45920 45245 44776 44554 43817 42752 42107 40868 41373 43050 41366 42429 43681 42971 43921 42772 42622 42259 42090 42409 42332 41794 42048 41493 42585 43223 42777 42826 41941 42098 42052 41784 42293 42207 42305 42374 42316 42185 41938 41909 41798 41624 41934 41832 41676 41343 41339 41467 41645 41529 41861 41910 41425 41600 41534 41438 41401 41854 41673 41605 41813 41906 41880 41979
56075 52822 50862 50866 51156 50018 49937 49270 48041 47510 46251 45885 45271 44710 44330 44408 44215 43164 42814 40978 40981 41430 41527 42515 42434 42425 42685 42576 42349 41267 41347 41846 41567 41609 41778 42625 43648 44912 43125 42272 42170 42123 41926 42007 42304 42260 42369 42168 42241 41932 41817 41351 41276 41543 41595 41830 41864 41720 41498 41468 42148 41891 41762 41802 41577 41043 41371 41434 41688 41659 41395 41460 41782 41849 41837 41833
54731 53188 51982 50560 50820 49076 48363 48452 47849 47169 45859 45394 44648 44455 44253 44427 44174 44290 43689 42276 41470 41118 41209 41396 42212 41732 41670 41945 42175 41479 41063 41384 39926 39941 41914 42920 44814 42890 42126 42163 42176 42024 41854 41905 42185 42332 42139 41836 41881 41784 41247 41072 41241 41408 41453 41612 41732 41659 41919 41804 42141 41654 41496 41587 41526 41148 41937 41507 41544 41554 41434 41527 41672 41742 41803 41914
57230 54386 51871 50429 50422 48957 47840 48107 48103 46991 44933 44981 44324 44002 44140 44237 43854 43757 43675 42782 41815 41102 40808 41094 41226 41375 41971 41979 41621 41412 41239 41117 41093 42299 42537 44187 42552 42001 41840 41950 41911 41914 42008 42162 42217 42128 41798 41817 41734 41861 41435 41204 41464 41413 41219 41244 41609 41778 41992 41909 41827 41521 41735 41512 41652 41771 41800 41698 41567 41725 41705 41767 41646 41725 41855 41912
63351 55565 51876 50537 50044 49137 47480 47191 47602 46412 44501 43950 44432 44009 44235 43916 43799 43905 43943 43881 42836 41262 40687 40480 40669 40685 41246 41655 41281 40857 40609 41150 41136 42755 43242 43152 41901 41774 41926 41842 41884 42162 42425 42300 42156 42112 41956 41707 41539 41629 41454 41485 41435 41301 41173 41188 41301 41161 41885 41681 41696 41815 41610 41500 41420 41271 41596 41685 41793 41790 41773 41831 41686 41870 41977 41959
61567 56152 51493 50621 50004 49772 48080 46893 47257 46372 44318 44394 43907 43688 44169 44248 44186 43889 44519 44679 43303 42353 40844 40705 40854 40298 39796 40118 40382 40609 40928 41429 42931 45382 43134 41758 41751 41887 41965 41973 41918 42150 42347 42122 42060 41870 41812 41645 41592 41515 41092 41019 41530 41695 41381 41231 41266 41191 41266 41626 41843 41804 41738 41940 42243 42050 41584 41620 41878 41767 41786 41801 41840 42001 42401 42223
56279 54352 51650 50259 50093 49757 48856 48031 47309 46557 44233 44514 44483 43832 44065 44112 43848 43964 43419 43198 42339 41691 42127 40910 41120 40258 39949 40453 40436 40871 41933 43368 45485 42548 41572 41289 41787 41541 41685 41905 42072 42157 42002 41879 41747 41766 41893 41726 41637 41506 41465 41342 40951 40596 40940 41168 41171 41413 40805 40591 41088 41675 41953 42035 41921 41634 41525 41727 41755 41541 42014 41937 41979 42158 42112 42135
54200 51851 50464 50619 50065 49557 49430 47864 47030 46430 44137 44641 43938 44604 44159 43625 44046 43166 42667 42163 42250 42473 42269 41140 41101 40711 40732 41264 40821 41210 42687 44226 43232 41886 41362 41423 41670 41610 41763 42044 42148 41946 41794 41583 41235 41748 41738 41693 41119 41779 41839 41243 40760 41034 41153 41144 40402 41411 41170 41178 41226 41568 41827 41781 41720 41825 41582 41544 41879 41854 41986 42254 42094 42281 42443 42692
53434 51260 49710 49708 49652 49248 49277 47142 46325 46130 44944 44122 42614 44500 44408 43698 43053 43077 42276 41989 41718 41858 41835 41094 40936 40425 40409 42182 41924 41845 43655 42426 41858 41444 41438 41528 41739 41672 41933 42114 41883 41748 41606 41230 41576 41712 42005 41792 41692 42055 41664 40949 41109 41355 41554 41481 40897 41589 40807 41224 41411 41465 41599 42009 42014 42174 42131 41941 41641 42153 42224 42244 42340 42438 42470 42584
51710 50394 49682 49223 49409 48997 48946 47229 45428 45947 46092 46065 43018 44240 44604 43292 42703 42223 41755 41793 41706 41373 41119 41938 40155 40122 40894 42707 43581 43332 42270 41522 41328 41427 41523 41495 41621 41745 42006 41849 41733 41615 41349 41494 41595 41813 41894 41870 41814 41777 41225 41283 41659 41810 40807 41626 41282 41754 41477 41010 41518 41982 41675 41885 41888 42077 42500 42410 42145 42059 42264 42115 42298 42495 42476 42727
49926 49518 49381 49171 49191 49108 48945 47118 45325 45269 45952 46687 43729 44617 43336 42603 42245 41897 41647 41141 41486 41332 41030 41519 40020 40694 41674 41855 41816 42059 41428 41272 41455 41434 41513 41624 41619 41863 41834 41758 41654 41511 41384 41536 41688 41471 41889 41925 41828 41440 41455 41377 41658 41754 40870 41260 41474 41291 41660 41252 41693 41967 41717 41730 41734 41832 42287 42798 42832 42244 42168 42443 42380 42581 42753 42776
48858 49145 49073 48898 49232 49116 48647 47009 46016 44895 43814 45331 44259 44134 42494 41512 41602 41745 41566 41346 41304 41395 41159 40426 41210 41936 42383 43048 41508 41132 41053 41196 41445 41491 41613 41880 41777 41812 41768 41738 41563 41603 41522 41490 41434 41346 42029 41863 41803 41533 41619 41758 41762 41943 41628 41533 41564 41388 41444 41802 41653 41518 41327 41683 41752 41886 42107 42684 42788 42745 42394 42484 42527 42656 42817 42902
48125 48759 48619 48359 48859 48937 48423 46898 45966 44879 44019 44987 44372 42432 42196 41457 41399 41831 41555 41595 41439 40979 40935 40541 42071 42048 43462 42436 41046 40852 40842 41331 41283 41579 41767 41891 41716 41647 41799 41641 41645 41529 41380 41411 41661 41962 41869 41689 41727 41865 41670 42029 42004 41517 42227 41795 41606 41809 41523 41941 41727 41519 41371 41847 42278 42060 42148 42379 42592 42959 42825 42839 42531 42631 42737 42999
47494 48407 47728 47549 47856 47914 47866 46277 44708 44450 43545 45717 42275 41806 41736 41484 41798 41741 41204 41123 40976 41078 40028 41580 41293 41530 41151 40815 40819 40938 40859 41336 41459 41688 41745 41667 41641 41766 41707 41530 41403 41362 41249 41378 41614 42358 41467 41602 41534 42082 41870 41604 41272 41695 41944 41432 41576 41616 41676 41703 41901 41880 41900 42030 42506 42429 42324 42405 42602 42911 43053 43249 42969 42702 42823 43088
46688 47267 46783 46742 46703 46332 46332 45357 44081 43912 43590 42333 42013 41766 41333 41300 41243 41170 40569 40363 40231 39694 40718 42532 41267 40914 40793 40838 40811 40832 41002 41318 41579 41628 41765 41762 41968 41483 41450 41354 41441 41335 41271 41258 40929 41059 41456 41527 41682 41822 41573 41341 41419 41456 41540 41252 41544 41348 41730 41782 42024 42036 42103 42167 42319 42450 42485 42734 42782 43034 42888 43222 43304 43327 43049 43180
46143 46693 46248 46271 46118 45676 45058 44012 43379 43038 42069 41712 41488 41382 41118 40719 40479 40742 40128 39753 39927 40152 42465 41911 40862 40521 40742 40773 40677 40733 40987 41228 41455 41480 41560 41529 41532 41739 41451 41336 41235 41238 41379 41346 40926 40873 41880 41694 41834 41992 41679 41534 41479 41561 41648 41692 41549 41803 41879 41860 42154 42290 42098 42098 42392 42525 42784 42849 42834 43026 42426 43119 43287 43597 43582 43365
45610 46298 45652 46290 44931 44199 43412 43695 43772 42783 41862 41772 41327 41083 40371 40082 41330 41145 40176 39914 40499 41251 40898 40667 40433 40489 40741 40612 40549 40588 40812 41202 41427 41431 41442 41210 41335 41627 41664 41221 40897 41042 41304 41273 41022 41242 41075 41133 42031 41419 41349 41506 41530 41642 41702 41776 41780 42034 42056 42086 42320 42649 42567 42435 42405 42431 42798 42787 42910 42915 42846 42987 43028 43418 43756 43772
44938 45173 44340 43844 43298 42644 42267 42529 43003 42210 41126 41170 40892 40533 40031 39896 39580 39697 40173 40680 40931 40933 40426 40263 40298 40468 40433 40591 40513 40546 40784 41112 41219 41111 41122 40930 40932 41445 41640 41405 41232 41529 41848 41571 41411 41578 41578 41655 41778 41605 41432 41420 41483 41746 42086 41949 41859 42072 42052 42186 42318 42524 42490 42484 42643 42753 42772 42844 42930 43058 42873 42968 43035 43269 43475 43817
44274 43712 43542 42391 42132 41657 41599 41706 42133 41636 40857 40591 40754 40578 39615 39814 39835 39936 40532 40700 40560 40562 40222 40254 40268 40616 40516 40421 40589 40542 40649 41000 41265 41190 41018 40975 40869 40958 41454 41749 41536 41304 41234 41177 41489 41533 41251 41349 41656 41722 41577 41588 41613 41893 42361 42085 42049 42318 42320 42224 42273 42578 42697 42675 42765 42883 42885 42877 43172 43180 43097 43086 43267 43554 43791 43935
43139 42566 42464 42738 41966 41429 41108 41320 41600 41318 40633 40307 40498 39954 39746 39689 40401 40338 39884 40216 40027 40213 40066 40167 40346 40515 40479 40540 40592 40609 40538 40810 41181 41121 40951 41028 40835 41086 40992 41537 41865 41502 41374 41484 41527 41532 41689 41419 41801 41911 41686 41597 41807 41903 42046 42216 42201 42360 42456 42570 42692 42903 42743 42758 43073 43167 43112 43151 43317 43462 43299 43351 43619 43612 43755 43861
42135 41611 41490 41865 41556 41249 40831 41144 40982 40811 40661 41151 39420 39055 39794 40048 40133 40295 39837 39661 39703 39906 39966 40073 40364 40402 40711 40598 40508 40502 40434 40511 40845 40913 41012 41063 40970 40719 40821 41113 41728 41982 41641 41547 41441 41480 41609 41402 42120 42037 42089 42033 41960 42009 42246 42552 42421 42461 42568 42627 42711 42816 43067 42910 43145 43372 43379 43307 43437 43592 43265 43631 43696 43866 43847 43956
41986 41171 41212 41049 41089 40902 40624 40450 41982 41383 39791 40651 39171 39032 39901 40036 40044 40117 39896 39885 39612 39768 39981 39932 40332 40379 40413 40129 40307 40354 40894 41185 40864 41028 40985 41031 40903 41349 41157 40820 41168 41547 41660 41746 41765 41341 41727 41477 41796 41865 42004 41989 42000 42199 42342 42554 42449 42746 42690 42599 42812 42971 42984 43299 43269 43455 43666 43626 43719 43757 43683 43768 43776 43774 43866 44058
41860 41348 41249 41046 40957 40674 40719 40232 40575 41840 38864 38252 39942 39546 39714 39712 39645 39877 39963 39919 39406 39556 40082 39957 40369 40317 40187 39683 39943 40162 40138 41157 40747 41082 40988 41023 40995 41144 40874 40910 40937 41306 41663 41846 41783 41508 41703 41780 41805 41895 41829 41839 42072 42269 42447 42500 42522 42805 42861 42705 42874 43131 43212 43215 43524 43532 43741 43830 43782 43859 43951 44126 44024 43918 43880 43972
41362 41193 40923 40727 40326 40068 39975 39241 39302 40032 37804 36551 40014 39668 39165 39229 39337 39528 39776 39789 39563 39283 39830 40099 40349 40167 40065 39910 40002 40149 40023 40174 40530 40534 40835 40991 41200 41005 40688 40845 41001 41068 41515 41781 41807 41695 41626 41845 41913 41982 41926 41919 42015 42198 42508 42584 42758 42836 42985 42998 43109 43218 43422 43424 43522 43729 43749 43967 43990 44313 44045 44162 44137 44150 44214 44355
40958 40718 40440 40395 39974 39643 39310 37817 37714 38700 40032 40532 40046 39907 39545 39524 39615 39658 39611 39786 39876 39597 39664 39822 39964 39881 39925 39938 39909 40010 40036 40175 40538 40450 40383 40771 41269 40856 40569 40607 40877 40998 41102 41654 41930 41810 41665 41745 41816 41959 41812 41834 42070 42207 42517 42803 43003 43048 43291 43179 43325 43363 43463 43667 43724 43879 43779 44053 44198 44606 44130 44071 44248 44521 44853 45240
40939 39962 40277 40378 39910 38947 39143 38846 38974 40144 41327 39652 39359 39318 39517 39790 39696 39609 39497 39485 39801 39930 39727 39518 39617 39710 39824 39879 39801 39742 39983 40256 40416 40410 40388 40640 41274 40962 40865 40764 40785 40974 41099 41345 41788 42287 41566 41593 41762 41828 41788 41869 42147 42296 42517 42824 43256 43207 43530 43221 43359 43514 43501 43835 43798 44080 44154 44123 44387 44772 44583 44641 44664 45192 45727 46364
40480 40016 40009 39331 38464 38810 39218 39906 41018 40927 39417 39266 39375 39293 39168 39457 39419 39172 39081 39190 39481 39938 40069 39582 39393 39725 39890 39836 39925 39964 39967 40215 40454 40425 40366 40430 40589 40592 40679 40674 40718 40947 41252 41167 41407 42017 42064 41765 41861 41975 41912 41991 42451 42667 42733 43027 43347 43216 43254 43263 43362 43629 43735 43925 44269 44064 44647 44711 44830 45560 45625 46055 46361 46631 47717 48090
39846 39070 38629 38443 38810 38806 40163 40353 39308 39252 39134 38992 38992 38779 38713 39085 39831 39583 39125 39043 39128 39436 39959 39853 39523 39600 39622 39580 39929 40052 39859 39973 40257 40217 40361 40679 40669 40412 40659 40828 40890 40940 40945 41122 40924 41393 42195 42075 41949 41989 41968 41944 42062 42216 42626 43069 43329 43433 43409 43526 43638 43900 44154 44515 45732 45543 45857 46184 46351 46733 46831 47605 48593 48900 50238 50855
