3D Modeling/dem.asc
ncols         143
nrows         206
xllcorner     170.0
yllcorner     855.0
cellsize      10.0
NODATA_value  -99999
[rows 136 to 169 of 205, columns 0 to 75 of 143]
48174 56249 61142 63430 64990 65309 63585 57417 55132 52544 48950 40635 40132 40582 41008 42120 42788 46243 53264 61920 63936 68315 69615 69523 68729 65641 64225 63837 67231 71774 76223 81056 86175 92005 100333 108175 118231 120376 120342 118957 117392 115134 117909 123382 127441 132762 141342 144703 145439 145329 143545 140382 136581 132291 127202 124527 121604 122341 122501 119718 114834 118389 119399 119293 117287 114960 111127 108116 106551 101751 97362 93768 90066 86527 82681 79193
58315 65040 68538 70463 71423 71080 69345 62139 59306 60064 53324 40498 40568 41101 42471 43671 45069 49795 57377 63358 68707 72083 74330 74243 73902 73901 73556 71322 68133 71571 77015 83936 85849 93700 100725 107986 117262 122259 124830 123954 121421 119687 122964 127639 131218 136218 141313 145928 147142 145598 143284 139498 134099 128722 124390 121646 117942 118429 120024 112727 110515 114254 114819 111343 108909 109230 107594 105481 101274 96907 93618 90716 87346 83163 78556 75087
68433 71581 74112 76517 76298 75268 72723 68841 71049 59369 59113 45473 42263 41873 43911 45705 46723 51301 60534 64957 70180 74723 77169 79172 80108 80534 79626 74991 72926 73989 78421 85542 94397 97436 104667 110703 117902 124554 129668 130581 130283 128334 128348 130685 135218 138018 142977 146205 146065 142304 138524 136050 130722 126708 123629 118351 114779 113701 115057 113494 110169 108713 108482 107121 105342 104436 102770 99665 96163 92251 90291 87730 85300 82075 77854 72812
72533 76304 79109 80764 80759 78122 75162 72638 77026 78568 67922 54210 46519 47937 48460 49022 44825 53039 63298 67496 73061 76884 79601 83130 84012 84566 83824 81410 79581 79850 81507 86933 94660 98361 108177 114863 121749 127540 132531 134805 134622 133326 132264 132980 137188 140623 141238 144583 145666 140866 135655 132917 128738 124098 121049 115938 113202 110840 110362 108133 104708 102687 103643 101519 100261 98836 97665 95100 91951 89331 85952 83474 81853 79524 75857 71301
73020 78686 82616 86938 87366 82618 79778 78779 81825 83461 79732 74162 69747 60007 55074 51212 51256 56565 62649 68312 73578 76726 81178 85418 88911 89955 89786 88095 87884 86894 87760 91475 97672 104499 110208 116306 124366 128595 134202 138584 140343 139182 138045 139681 138686 140180 141091 142382 143167 138281 133168 131299 128177 121566 117336 113650 110670 107252 105237 102202 98811 97661 96776 95662 93768 93712 93715 92419 89193 86165 83514 80798 78049 77619 74074 70688
70910 78460 87149 92262 85534 83463 79975 81129 84117 85186 80577 75254 70090 64514 58635 51425 51546 55718 60707 65632 71954 74370 79441 83471 89394 93602 94861 94955 95569 94518 94497 97392 101343 106753 113893 119206 125743 131827 136998 141074 144246 143177 142149 141313 141028 138865 139480 141026 139222 135467 131820 129614 126805 121654 118347 114168 109356 104069 99987 96893 92914 91526 90302 89354 85369 89842 91228 89274 85291 82043 79566 76716 73957 72081 70575 68344
68389 76876 83225 85931 78383 76117 71371 75586 80155 82171 81787 76443 72174 67004 59277 52671 59169 57608 60505 62775 66293 72727 76651 81333 87245 94227 98300 99602 99843 100208 101792 104168 109051 114546 120886 126247 131239 134544 138897 144911 146120 145706 144068 141921 139802 137708 138757 136471 136408 133277 130807 126175 121811 118506 115253 111813 106959 100362 96863 92298 86658 86621 86007 85914 83181 84921 86498 85067 82323 79468 76033 72949 69672 66744 66407 64033
66898 75178 79337 73285 68706 65659 66015 70368 72785 74426 78811 76870 71284 65013 57126 58266 59080 59462 63478 65072 67174 69398 73845 80183 86071 92119 98425 103397 105609 106195 106991 109898 116213 121000 125062 130776 134047 137843 142760 144593 147740 146742 143736 140526 137671 136377 133937 133036 131834 130824 128569 123768 119941 116097 112248 107982 103158 98326 92601 86069 83552 80867 79865 80787 79672 80890 81557 81342 80074 75872 72861 69961 67318 65423 63520 61828
65770 68472 69541 64258 61660 60965 61100 65070 69299 71267 77546 75568 68744 61191 61912 61702 61551 60696 65671 70308 72860 74749 74446 78645 83761 90579 98611 105934 110467 112211 111399 116865 122298 124535 129678 132846 138829 142840 144730 147972 148078 145831 142005 139253 135722 132104 126295 124445 128231 127807 124638 119748 116629 113632 109706 103960 98370 94910 90253 83994 79795 75428 73865 75213 74667 76583 77015 78631 75952 73169 70347 67263 64701 64230 62398 59729
67831 67848 63070 58909 56298 56091 58448 60110 67308 69082 75210 72616 65883 60412 62634 63042 61155 65577 68647 73426 78677 80767 82020 82018 84341 89035 96982 105179 112466 117727 121236 121805 125371 129408 133276 137529 143053 145357 146856 148671 147539 143643 140265 136400 132885 127592 122065 120104 122244 122411 121136 121292 115851 112576 108575 101924 96987 93326 87989 81378 76747 71329 69299 69398 70854 72599 73669 73785 73344 71702 69342 66631 64283 61462 61597 58020
68136 63691 52821 49613 48247 50125 53766 58153 65842 68582 73662 70360 66492 63773 65268 67011 68253 72208 71226 75089 81719 84940 87143 89399 89874 92137 97893 106067 113783 119831 125882 127066 129261 132283 137649 139707 143742 146040 146458 146572 144132 140739 136598 133662 128234 122270 119188 119343 118664 118380 117916 116852 114477 111181 108511 105066 101648 94989 86602 80465 75580 71985 67890 65785 66464 68140 68799 69575 70440 69267 66744 65196 63237 58276 57455 54231
64292 60893 45426 43617 43630 44793 52000 59615 64153 67180 71947 69532 70404 73010 73892 75291 74600 76201 80870 81086 81863 86203 89938 93965 96991 99460 103015 108687 115455 123294 128912 132368 134490 136707 140512 143671 145048 145113 143631 141978 140071 136695 132104 128460 124097 120419 117648 116317 114683 113972 113937 111109 110006 107276 107100 102576 99410 94274 88274 81552 77013 72671 67358 63751 63105 63140 62552 64104 65951 64783 63921 61582 58635 53339 51601 53435
57104 51373 40899 41324 40932 43485 48000 56052 62039 62188 67012 72314 78320 81029 79905 78502 77259 81472 82828 82471 80856 86507 91117 95852 101667 107018 111537 114377 119945 126056 131261 136490 138627 140581 144196 144858 145458 143952 139223 137650 136477 132184 128100 125295 122577 118160 114657 112367 110674 110231 110800 104985 103042 104192 101246 98391 96084 91917 84545 80048 76485 72735 67744 63392 60841 60161 58927 59727 60478 59710 58755 56621 52932 47975 44232 45672
58758 48982 45847 39392 35720 39967 44581 50629 54980 53870 59514 68556 76326 83279 86163 82149 77399 80719 88224 96078 92410 90136 91145 96499 101339 108244 115244 120998 125832 129501 134084 138658 141062 144506 145627 146344 144780 142302 135993 134280 129718 126231 124574 123219 119955 115631 111365 108468 107319 106798 107737 102880 100733 99348 96766 95077 92693 86436 77811 76800 75154 72753 69532 65156 61660 60357 58397 57522 56094 54921 53259 51191 48527 46273 45921 46349
52277 55084 46968 36347 33887 37892 40587 45408 49866 49831 59967 67800 75444 84146 89003 83222 79716 79030 84369 92208 88143 84404 86806 94790 101070 108713 118564 124507 128331 130437 138261 141544 144757 146305 147624 146588 142999 139255 135729 129967 124878 123121 120595 119545 116702 113317 109096 105344 102648 102158 105198 102174 98872 95718 93250 90898 89761 83815 74971 74265 73120 72042 70437 67802 65425 63140 61087 59024 55681 53105 49338 46705 44496 43171 40949 40784
45763 51189 43165 35760 35758 34028 36756 42869 49962 52386 64987 71998 78319 85305 89878 84157 79142 78553 81577 85160 83970 83488 90529 96499 101985 109567 118980 125437 129799 133951 139203 143430 147308 148209 148957 146097 143424 137502 132581 126880 123942 119053 115918 114299 112137 109361 104796 102518 99759 98714 99592 97878 95533 92769 88966 87162 84727 79008 71546 71232 70705 70299 69593 68872 67500 65561 63524 60421 57127 52432 48083 44788 42668 40205 38835 37199
38736 47539 38701 36906 34296 32497 41944 47507 51108 54994 63695 69490 76997 85702 90203 82819 80232 79565 83957 86749 87675 87576 91696 97931 105884 112917 119047 125428 130132 134217 139655 144355 147373 148897 146706 143079 138216 134417 130391 125915 122026 114975 110262 107656 104878 103462 101297 100566 98383 95768 94497 92998 92484 89667 86407 83673 80747 75412 69648 68064 67781 67774 68511 68854 67987 66462 63171 59196 54991 51609 48034 44655 41490 39674 39441 36735
-99999 39726 36330 37102 34954 40480 44624 46586 49633 57185 66811 75531 80278 85965 90195 85313 86477 86517 90725 91934 95001 97330 98122 101667 107980 113692 118124 123798 130076 134507 140770 144205 145900 145276 142733 140988 136181 132515 130126 125462 118998 114642 110065 104702 102888 100138 99187 98428 96812 92456 90208 89956 87873 85265 82235 79492 76493 71951 67221 64371 64269 65294 66813 67966 67402 64456 60713 56691 51674 50333 46847 42744 39625 39284 39284 38823
-99999 36911 39182 38316 40055 45420 52071 59345 58165 58068 66042 75952 82488 86562 90601 90282 93273 94195 94249 100519 102324 100966 102187 106223 111028 116182 119425 123719 130295 135874 141906 143075 144553 141755 141261 138762 135097 131688 129729 124211 118655 114784 110937 107414 102725 100355 97858 95696 93945 89558 85346 83856 81611 78539 77306 75273 71082 66635 61212 60525 60526 62127 64779 66640 64995 61336 56932 52232 48523 47306 43356 39284 39284 39284 39284 39284
-99999 36668 42966 44085 43324 47103 55787 63169 59026 57343 65246 70854 78767 87969 93904 97232 100035 98573 101481 105787 109712 108500 107345 108334 114089 118984 123506 129441 133273 137178 143958 143240 141961 140206 139315 135346 133095 130519 127411 121291 117871 114540 110201 105366 103799 101194 96609 92995 89349 89849 82143 78530 75731 70428 67193 69458 64625 59971 56857 56978 57551 61112 63924 63993 61442 57379 53444 48585 45647 42822 39546 39284 39284 39284 39284 39284
-99999 -99999 47342 48539 49347 55204 57023 58193 53358 54472 63715 71350 79266 88054 96293 103012 109021 110515 106529 111309 116166 116360 110686 111812 117162 122578 129938 134893 139591 144049 143568 144853 141391 137212 134870 131959 130058 127712 123667 117864 114734 112019 107180 105083 104050 100159 94711 91415 86926 81507 74998 74610 70470 66459 63539 62577 60448 56115 54206 54276 56737 60242 61473 59542 56268 53050 49917 45846 42572 40194 39284 39284 39284 39284 39284 39284
-99999 -99999 43920 47621 53049 56830 55603 53298 51267 55637 64395 67886 75583 95817 105922 110951 116921 115277 113748 117600 121416 122490 120096 119308 122355 126175 132651 139717 143381 145035 143498 144376 138003 134354 130878 128865 126144 123465 120182 117185 114800 110689 106292 105478 103585 98357 92929 87692 81925 71561 67221 70178 70251 64884 60210 58044 57113 54641 53092 52242 54783 57240 57806 55852 52001 49486 46241 44184 41246 39284 39284 39284 39284 39284 39284 39284
-99999 -99999 -99999 48412 55058 57878 55328 55634 63522 60974 68387 73271 88715 98992 107162 119203 123658 124909 118722 121441 126280 127373 126953 125321 126874 131839 134964 143719 145142 141873 143159 139752 135809 131201 128016 125829 122508 118469 115931 114091 112120 108203 104799 103480 99385 92735 90883 84430 75611 68308 64172 63459 64188 60983 56671 55514 54476 54095 51793 51587 53004 54767 54287 51899 49133 48065 44347 41896 39284 39284 39284 39284 39284 39284 39284 39284
-99999 -99999 -99999 47182 53331 54762 54312 56074 61808 67154 72778 79495 89658 101798 112015 121331 127404 129002 124562 126023 129881 131386 130452 131676 133343 136814 139850 145200 145913 143386 139797 138399 132156 127477 127017 124183 119412 114878 112720 110820 109289 105319 102006 97829 91657 90721 88027 83435 75035 68067 62822 60319 60769 58142 54939 55634 52957 51538 50989 50281 50728 50585 49210 47159 45301 44806 45677 40499 39271 39270 39273 39277 39280 39283 39284 39284
-99999 -99999 -99999 -99999 53119 55630 53628 54812 61300 67755 73781 79678 88987 100216 111030 119064 127020 129286 128254 130146 132874 133688 133888 136561 141043 142541 145224 146301 145926 145995 140398 135563 127306 124029 125878 121101 119307 114462 111651 109172 106951 103389 100847 97559 93547 90862 88282 86564 77589 69733 65219 62269 59826 57852 56413 55075 52928 50643 48968 47861 47334 46422 45108 44099 45322 42499 39937 39286 39264 39240 39223 39224 39227 39230 39233 39236
-99999 -99999 -99999 -99999 53361 56445 53621 55135 61984 64957 71660 80653 89910 100268 111549 120971 128394 133392 134424 134666 136075 136896 138298 139400 142918 143688 144363 145425 147883 145087 138484 133739 126318 128188 123529 121341 120731 116289 113784 113914 111326 107676 104104 100985 96945 94064 90947 88295 81713 72291 67233 65102 62811 60268 58059 55357 54809 51003 48015 46200 44959 43546 44176 46714 42632 39796 39285 39288 39289 39291 39229 39193 39175 39177 39180 39183
-99999 -99999 -99999 -99999 -99999 54685 54057 56009 62647 66701 72064 80497 91783 103781 116154 123728 128468 134676 137520 137450 138115 138746 139030 139735 140247 140434 140739 141014 144585 142800 139169 134742 130455 125431 124888 122348 121794 118071 117511 115991 114337 111047 109049 105196 100280 95627 92016 89648 85981 84190 74858 69058 65456 62997 60139 57070 54019 51168 47696 45324 43670 41886 42956 42929 39560 39284 39284 39286 39291 39293 39295 39259 39195 39145 39128 39131
-99999 -99999 -99999 -99999 -99999 57478 55888 55822 62801 66359 74915 84070 94832 108062 116507 124952 130508 134758 136144 136511 138193 138716 137292 137194 136553 134966 136531 136664 141097 139767 137376 133916 131154 126995 126680 124380 121581 119031 118353 120533 117870 117106 113392 108414 105364 98644 94602 92635 90328 85309 81858 73179 66491 65050 61353 57720 53845 50486 46886 44644 42362 41280 40581 39284 39284 39284 39284 39284 39288 39292 39296 39298 39289 39225 39161 39098
-99999 -99999 -99999 -99999 -99999 56050 57527 55978 60462 65311 74580 86343 97482 106710 112824 121884 126061 130842 131803 130036 132278 133531 130991 130528 129776 127030 129942 134138 136129 134976 133434 132728 133000 129661 127408 124761 122314 123933 123374 123069 122712 120491 113797 111126 108632 103140 98179 93966 90309 86162 83590 73287 66332 64605 60619 56019 52644 48986 45649 43111 41020 39985 39284 39284 39284 39284 39284 39284 39284 39289 39294 39298 39302 39304 39254 39190
-99999 -99999 -99999 -99999 -99999 -99999 58476 55529 58787 69701 76937 87958 98877 105488 111892 118994 122706 123639 124325 125462 124351 125824 125518 126538 122081 123975 128004 130468 130051 129712 130177 132975 133992 129751 127980 129288 129067 126369 125350 124314 122418 117709 119323 115749 108082 102891 97705 93798 90313 86779 83545 73338 64844 61827 57770 54190 50425 46875 44731 42241 40120 39284 39284 39284 39284 39284 39284 39284 39284 39286 39291 39295 39300 39305 39307 39284
-99999 -99999 -99999 -99999 -99999 -99999 58014 53981 58075 67041 75990 85601 95387 104640 114099 118323 119927 118200 117381 118513 119105 118918 120036 118890 119165 121966 126152 129519 128761 127704 128482 129706 130846 126861 130411 129277 130207 128480 125942 122601 118856 118238 118559 112612 103669 98610 97022 92753 89515 85638 78638 69800 62563 58460 54825 51874 47657 44989 43266 40913 39284 39284 39284 39284 39284 39284 39284 39284 39284 39284 39287 39292 39297 39301 39306 39311
-99999 -99999 -99999 -99999 -99999 -99999 55875 49669 55118 65455 76744 85315 93335 102746 111351 117219 116066 114866 113649 112810 112509 111273 112127 113523 115469 117063 119413 123780 127955 125429 127016 128501 126507 124919 126956 131240 131500 130055 124795 118782 115060 114633 112186 107211 100426 95600 94309 89171 80409 77007 71223 64590 59285 54587 52290 49160 45437 45350 42408 39284 39284 39284 39284 39284 39284 39284 39284 39284 39284 39284 39284 39289 39294 39298 39303 39308
-99999 -99999 -99999 -99999 -99999 -99999 -99999 47210 54408 65134 75538 84409 94362 105264 112380 115000 113725 113862 109953 107793 108424 106978 107091 105542 109229 111157 111506 114616 123681 123370 126034 127652 123118 123923 128796 128165 127602 125850 120545 113068 109032 109620 107516 100891 97646 92005 88991 81282 71572 68499 65555 60735 55587 51698 50098 46194 43901 41906 39284 39284 39284 39284 39284 39284 39284 39284 39284 39284 39284 39284 39284 39286 39290 39295 39300 39304
-99999 -99999 -99999 -99999 -99999 -99999 -99999 48663 57231 64533 72740 82602 93542 103669 113236 115695 114749 112888 107159 103399 103279 104218 100680 100231 103213 109135 110315 113307 117338 121160 123887 125425 122183 122266 123908 125866 123459 121038 115062 109688 105653 103231 99385 95341 92266 83760 82875 73762 69623 65903 61677 57519 53454 50359 46550 43994 41896 39585 39284 39284 39284 39284 39284 39284 39284 39284 39284 39284 39284 39284 39284 39284 39287 39292 39296 39301
