3D Modeling/dem.asc
ncols         143
nrows         206
xllcorner     170.0
yllcorner     855.0
cellsize      10.0
NODATA_value  -99999
[rows 0 to 33 of 205, columns 0 to 75 of 143]
-99999 -99999 -99999 -99999 -99999 -99999 -99999 -99999 -99999 -99999 -99999 -99999 -99999 -99999 -99999 -99999 -99999 -99999 -99999 -99999 -99999 -99999 80867 79061 76869 75504 74170 73067 73895 70530 65326 62062 61636 63002 63206 63758 63278 63214 63150 63087 63023 62960 62896 62832 62671 63023 63588 64928 68952 70541 60978 58375 55332 55854 55745 55394 53436 53398 54879 55197 55088 53344 50834 51226 54650 54540 51883 52050 52542 52680 52482 50634 53774 53664 49657 42689
-99999 -99999 -99999 -99999 -99999 -99999 -99999 -99999 -99999 -99999 -99999 -99999 82652 81100 78401 75991 75432 75214 74114 70620 64075 63531 63481 63917 63777 63688 63429 63248 63164 63100 63036 62973 62909 62845 62678 62002 61220 63019 63741 66327 66927 66353 65108 64693 64274 61931 61525 61579 62023 61032 62258 60320 56469 61481 56307 53659 53098 53242 53609 54243 54859 53804 50481 50058 49615 51342 51363 54496 52733 52191 51149 48306 45758 46374 46933 42739
-99999 -99999 -99999 -99999 -99999 -99999 -99999 -99999 -99999 -99999 -99999 -99999 85767 81951 78776 75596 75722 75756 71409 67999 63629 62676 61577 63941 63752 63563 63395 63208 63152 63104 63040 62977 62913 62849 62690 62342 61920 61549 62511 62837 63168 63140 63108 62916 63128 61824 61675 61990 61694 60561 60597 60367 60459 60160 55389 53793 53362 53133 53060 53273 53481 52528 50225 49802 49360 48937 48497 53171 52238 52828 50407 46215 44177 45866 47325 42862
-99999 -99999 -99999 -99999 -99999 -99999 -99999 -99999 -99999 -99999 -99999 -99999 89119 83024 78311 74243 76588 77281 70165 64878 63656 62246 60788 63876 63687 63498 63317 63206 63178 63114 63050 62987 62923 62859 62694 62348 61993 61659 63033 62313 62679 62880 63930 63092 62971 63430 62512 61060 60756 60284 60116 60137 61058 59726 58950 55831 54048 53419 53332 53356 53519 52653 49969 49546 49104 48681 48242 47815 47379 47792 47353 45720 45107 47362 47642 42983
-99999 -99999 -99999 -99999 -99999 -99999 -99999 -99999 -99999 -99999 -99999 91803 92455 83032 76588 74023 76434 77079 69919 63934 63608 62927 61967 63810 63622 63433 63244 64078 63185 63121 63057 62994 62930 62866 62702 62352 62003 61839 62628 62187 62369 62989 64625 63229 62798 62951 62055 61120 60821 60377 60209 60042 59874 59707 59987 58955 58598 54821 53441 53537 53468 52730 49713 49291 48848 48425 47986 47559 47124 46693 46242 45760 46609 48663 46450 43054
-99999 -99999 -99999 -99999 -99999 -99999 -99999 -99999 -99999 -99999 -99999 96212 90987 83656 77254 75141 76139 73872 67874 64118 63750 63463 63165 63738 63556 63367 63178 65005 63842 63128 63064 63001 62937 62873 62710 62355 62012 61718 61674 62336 61423 63602 62861 61784 63564 63210 62155 61181 60895 60474 60301 60133 59966 59798 59631 59457 60287 58383 54238 53371 53502 52801 49457 49035 48592 48169 47730 47303 46868 47041 46618 45901 47538 49194 47041 43185
-99999 -99999 -99999 -99999 -99999 -99999 -99999 -99999 -99999 -99999 -99999 94710 89284 82116 77884 75119 76449 71528 63992 65214 66028 63489 63541 63660 63491 63302 63222 63392 63245 63181 63075 63011 62947 62884 62721 62366 61999 61643 61384 62456 61298 62423 61850 61136 61352 61764 61341 61241 60963 60572 60391 60223 60056 59888 59721 59553 59386 58600 58027 54979 52916 50889 49201 48779 48337 47913 47474 47347 47229 48848 48176 45647 45992 45640 45860 43239
-99999 -99999 -99999 -99999 -99999 -99999 -99999 -99999 -99999 -99999 -99999 94695 91156 82886 76963 77309 79698 72317 65046 63301 64016 63378 63345 63592 63420 63237 63406 63372 63328 63178 63072 63008 62945 62881 62719 62538 62099 61627 61412 61189 60971 60762 60545 60322 61591 61409 60979 61302 61036 60660 60492 60325 60157 59990 59815 59648 59480 58887 58870 55502 51284 49446 48945 48523 48081 47657 47084 45971 46161 47768 46801 45561 45540 45508 44626 43348
-99999 -99999 -99999 -99999 -99999 -99999 -99999 -99999 -99999 -99999 -99999 93040 88174 80200 76802 79247 79401 73445 66019 62565 63020 63397 63344 63526 63339 63171 63380 63368 63304 63169 63099 63010 62947 62883 62896 62836 62504 61702 61473 61263 61041 60823 60614 60390 60173 59933 60479 61362 61102 60756 60589 60421 60254 60086 59906 59734 59588 60883 59086 55501 49780 48891 48689 48267 47825 47283 46943 46979 46813 46200 45654 45519 45375 45649 42772 43304
-99999 -99999 -99999 -99999 -99999 -99999 -99999 -99999 -99999 -99999 -99999 90056 86097 78622 75240 78638 79356 71655 64379 67243 70111 63327 63343 63461 63272 63102 63366 63344 63301 63255 63130 63025 62962 62898 62767 62716 62144 61765 61537 61324 61115 60888 60674 60455 60233 60010 60536 61422 61171 60841 60673 60506 60338 60171 60003 59853 59691 60605 56780 52476 49742 48483 48433 48385 48689 47123 46755 46645 46316 45913 45637 45464 45676 45133 42841 43413
-99999 -99999 -99999 -99999 -99999 -99999 -99999 -99999 -99999 -99999 89112 86316 81028 75638 74199 77744 77579 70880 64127 62316 62703 63059 63344 63396 63207 63055 63378 63341 63279 63233 63121 63030 62961 62897 62648 62230 62224 61825 61616 61388 61175 60951 60734 60525 60304 60106 60661 61483 61241 60943 60775 60607 60438 60271 60103 59955 59793 59467 55030 50151 51024 49617 47958 48447 48089 47386 46633 46317 46056 45814 45634 45487 45279 44891 44430 43513
-99999 -99999 -99999 -99999 -99999 -99999 -99999 -99999 -99999 -99999 87362 84181 77856 72950 72311 77298 73958 64129 61597 62188 62574 62980 63351 63330 63165 63414 63381 63319 63273 63215 63165 63075 62979 62915 62614 62087 62285 61885 61676 61467 61239 61026 60803 60585 60372 60239 60786 61543 61310 61044 60877 60709 60520 60352 60203 60056 59910 60101 55968 51824 52448 51706 48307 48175 45943 46381 46523 46251 46000 45811 45631 45491 45115 44696 44737 43732
-99999 -99999 -99999 -99999 -99999 -99999 -99999 -99999 -99999 -99999 87162 77261 75520 69672 67311 69022 66618 62877 61812 62069 62444 62821 63146 63265 63099 63389 63357 63313 63255 63205 63150 63092 63014 62913 62742 62428 62332 61966 61737 61527 61299 61087 60877 60654 60498 60423 60909 61590 61377 61125 60958 60790 60622 60454 60305 60158 60011 60164 56733 52507 52350 52144 49585 47574 46382 46753 46409 46160 45997 45808 45620 45118 44497 44121 43575 43696
-99999 -99999 -99999 -99999 -99999 -99999 -99999 -99999 -99999 -99999 68790 62711 71738 67350 65698 66847 64297 60969 60887 61939 62314 62694 63044 63200 63035 63383 63336 63291 63245 63190 63137 63085 63005 62797 62558 62467 62375 62027 61797 61588 61379 61150 60938 60743 60630 60595 61045 61649 61449 61226 61056 60871 60722 60556 60406 60260 60113 60218 57077 52931 52030 51611 50304 47252 47044 46766 46372 46183 45994 45805 45617 45059 44003 43926 42535 43736
-99999 -99999 -99999 -99999 -99999 -99999 -99999 -99999 -99999 72947 69487 63819 70585 65454 63658 64883 64131 58297 58691 61809 62184 62566 62923 63116 63372 63376 63328 63271 63224 63177 63125 62888 62722 62667 62546 62488 62403 62089 61876 61648 61439 61230 61001 60864 60812 60772 61170 61709 61521 61319 61122 60971 60824 60673 60512 60361 60215 60280 57139 53267 51786 50623 47776 47163 46914 46768 46446 46173 45991 45802 45614 45594 44182 44126 42699 43910
-99999 -99999 -99999 -99999 -99999 -99999 -99999 -99999 -99999 66582 66285 62880 68107 64911 61313 61725 61477 60927 61032 61680 62055 62436 62801 63107 63416 63368 63311 63260 63206 63158 62930 62824 62673 62628 62565 62522 62442 62149 61940 61727 61499 61290 61127 61030 60996 60953 61308 61770 61581 61397 61219 61073 60926 60779 60614 60463 60316 60339 59687 57542 56028 53321 47958 47169 46769 46621 46354 46168 45983 45799 45611 45588 44530 43342 43261 43969
-99999 -99999 -99999 -99999 -99999 -99999 -99999 -99999 -99999 59821 54949 61019 65070 63303 59910 59274 59259 59450 60403 61550 61927 62322 62685 63046 63393 63350 63300 63246 63192 62956 62913 62755 62710 62647 62604 62561 62476 62223 62000 61791 61563 61366 61244 61208 61170 61137 61447 61830 61642 61457 61263 61086 60898 60724 60678 60571 60418 60394 60404 59958 58231 54716 49993 47740 46737 46491 46318 46140 45974 45707 45517 44879 43122 43708 43015 44083
-99999 -99999 -99999 -99999 -99999 -99999 -99999 -99999 63086 57226 54457 54727 63271 61874 58324 57534 57452 57843 59186 60644 62244 63175 63212 63242 63383 63328 63284 63232 63109 62980 62837 62792 62729 62686 62643 62582 62511 62291 62061 61852 61637 61482 61428 61385 61351 61309 61584 61890 61697 61501 61303 61114 60905 60715 63166 60527 60418 60425 60433 60442 59565 55394 48737 48111 46729 46359 46235 46109 46806 46479 44874 44325 43269 43059 43500 44182
-99999 -99999 -99999 -99999 -99999 -99999 -99999 -99999 58030 53325 51255 54616 62406 61235 57139 55966 55433 55823 57254 59958 63693 63610 63479 63354 63368 63315 63199 63128 62962 62919 62874 62811 62768 62725 62664 62617 62553 62353 62133 61912 61738 61644 61605 61569 61526 61493 61714 61951 61757 61552 61363 61174 60965 60776 65654 62391 60453 60452 60451 58047 55524 52188 47648 47339 46480 46225 46104 45978 45852 45717 44792 43262 43760 43183 44826 44359
-99999 -99999 -99999 -99999 -99999 -99999 -99999 -99999 56224 52829 49613 55673 61456 59922 57341 54890 54460 54350 56043 60547 62600 63638 63498 63368 63355 63257 63102 63044 63001 62956 62893 62850 62807 62746 62699 62656 62583 62413 62204 61985 61860 61817 61786 61744 61710 61677 61835 62011 61817 61612 61424 61235 61026 60836 60638 60510 60471 60470 55695 50250 48655 47861 47364 46427 46259 46078 45952 45826 45710 45595 44604 42735 43205 44179 44312 44441
-99999 -99999 -99999 -99999 -99999 -99999 -99999 -99999 55265 53642 52747 53887 60159 58728 56059 54042 53662 52929 54590 57490 60345 63663 63516 63383 63314 63184 63126 63083 63038 62975 62932 62889 62828 62781 62738 62682 62615 62481 62264 62086 62040 62001 61958 61928 61894 61851 61962 62071 61878 61672 61484 61295 61086 60896 60690 60543 60497 59990 55034 47975 47300 47335 46628 46292 46073 45947 45821 45695 45572 45446 44631 43086 43667 44651 44656 44565
-99999 -99999 -99999 -99999 -99999 -99999 -99999 -99999 55167 54097 54258 56340 58493 57026 55002 53681 52370 51739 52664 55419 61168 63682 63535 63397 63279 63216 63172 63126 63063 63020 62971 62910 62862 62813 62764 62711 62654 62556 62332 62245 62222 62180 62142 62113 62072 62035 62094 62132 61938 61733 61544 61356 61147 60957 60751 60589 60529 58853 55013 48496 47268 46628 46447 46071 45924 45810 45690 45564 45438 45312 45186 44329 43561 44152 43832 44569
-99999 -99999 -99999 -99999 -99999 -99999 -99999 -99999 55609 55523 58138 59113 56902 56064 53761 53163 51442 50092 51035 56027 62558 63700 63557 63433 63339 63280 63234 63171 63123 63066 63002 62955 62897 62841 62798 62746 62687 62617 62442 62433 62390 62364 62322 62283 62252 62215 62227 62192 61999 61793 61605 61426 61285 61012 60818 60816 60432 58224 53591 48588 46230 45708 45555 45818 45789 45669 45543 45417 45296 45182 45056 44930 44363 44315 44722 44785
-99999 -99999 -99999 -99999 -99999 -99999 -99999 56671 56521 58707 59901 60014 56148 56025 53168 51679 50975 50509 51102 56780 63048 63624 63480 63079 62728 63700 63952 63191 63144 63133 63106 63051 63011 62928 63032 62839 62793 62718 62628 62590 62562 62497 62497 62482 62406 62376 62352 62253 62142 61825 61640 61606 61900 61489 61478 61147 59202 55577 51488 48202 47022 45307 45242 45623 45575 45295 45435 44326 43632 43156 43670 44933 44373 43575 44512 44540
-99999 -99999 -99999 -99999 -99999 -99999 -99999 58212 58826 60105 60543 55357 56421 55727 53542 51092 50541 50602 51523 57098 61791 63370 63109 62869 61208 68322 67958 64183 63282 64137 63861 63350 63350 63721 64536 63932 63126 63087 62617 62677 62531 62612 62731 62604 62472 62477 62426 62483 63123 63821 61674 62278 63777 63697 61199 59014 55791 52745 49947 48056 48809 47376 45659 45339 44988 44496 45212 44610 43197 43150 43998 43746 42854 41836 42502 42266
-99999 -99999 -99999 -99999 -99999 -99999 -99999 57684 58386 60821 59095 56560 57059 54709 53808 51682 50363 50545 52645 54762 59657 63223 63435 63494 66400 68246 64621 64110 64041 63284 63068 64136 64598 64138 64071 62842 63215 63417 62553 62709 62625 62582 62621 62536 62505 62528 62353 62120 62582 63836 62891 64174 63176 63716 59349 56573 53116 49903 48439 47918 48790 48499 47133 45388 44700 44500 44698 43094 43528 43420 43439 42813 42033 41320 41002 40485
-99999 -99999 -99999 -99999 -99999 -99999 -99999 55179 57586 63583 65096 58211 57243 54140 53118 51894 50830 50461 49958 53416 58997 62204 63320 63719 66195 65673 64017 65315 63471 63141 63112 63079 63917 64571 63003 62988 63385 62836 62984 62834 62738 62718 62526 62441 62552 62694 62650 62437 62787 62712 63862 61937 64197 62365 58231 53166 48499 48174 48705 48212 48564 45404 48688 45833 44642 44552 44034 44363 44337 43376 43250 42550 41740 41148 40774 40235
-99999 -99999 -99999 -99999 -99999 -99999 -99999 58927 61429 65265 67650 64208 57139 55431 52654 51298 50870 50709 49968 53594 58415 60330 62466 64234 65271 64611 65943 63610 63368 62940 62987 62859 63158 63279 62936 63125 62625 62821 63025 62743 62885 62794 62623 62611 62484 62221 62363 62756 62333 62177 62272 62670 63085 59103 52275 47816 46698 47742 48603 48538 47706 43704 48896 45745 44437 43453 43246 43384 43336 43182 42873 42680 41887 41122 40706 40227
-99999 -99999 -99999 -99999 -99999 -99999 -99999 63609 63768 67607 66121 65042 58561 57168 53365 51264 50328 50471 49894 49856 51241 53113 56710 60340 63239 63848 64648 63985 63183 63480 62687 62339 62802 62894 63023 62986 62774 62965 62778 62552 62701 62690 62691 62585 62395 62266 62453 62243 61802 61847 62206 61757 60657 57303 50341 46306 45775 45883 46187 47012 47445 43954 45785 44817 43635 42882 42680 43135 43177 43107 42859 42880 42665 41924 41128 40178
-99999 -99999 -99999 -99999 -99999 -99999 -99999 61681 66628 70171 67362 63101 60358 56825 55001 52951 50842 50185 50525 50025 49179 49751 50402 52249 55309 58752 61334 62359 63362 62937 63144 62757 62635 62665 62757 62932 62847 63070 62306 62413 62483 62730 62462 62407 62189 62105 62429 62092 61740 62144 61700 61380 58124 50538 47039 46195 45659 45521 45853 46935 45334 45825 44743 45148 43532 42542 42731 42902 43157 42991 42891 42964 42856 42991 42169 41212
-99999 -99999 -99999 -99999 -99999 -99999 -99999 68006 69297 70658 66537 62183 60986 57691 55832 54217 51063 49673 49182 48453 48666 49479 49847 49919 50048 51430 53654 54304 57652 59492 60461 62270 62654 62988 62847 63018 63092 62857 62599 62550 62390 62518 62343 62421 62250 62379 62395 62106 61975 61899 61430 60149 57692 50397 46925 46077 45538 45400 45275 45245 45607 44688 44416 44904 42921 42244 42666 42919 42954 42574 42618 42705 42648 43200 42604 42577
-99999 -99999 -99999 -99999 -99999 -99999 67985 70793 69689 70384 64761 63876 61350 58881 60710 57995 51511 49405 49377 49557 49606 49267 49313 48981 49864 49824 49869 51423 53587 55633 58254 59463 60395 61016 62583 62949 63461 63251 62567 62513 62312 62165 60713 61224 62173 62338 61921 61946 61763 61528 60950 58882 50687 47943 46810 45963 45417 45291 45159 45016 44879 44588 44166 43259 41073 41828 42825 42848 42674 42539 42706 42358 42817 42948 42450 43404
-99999 -99999 -99999 -99999 -99999 -99999 71487 72023 71721 71659 67197 65222 62018 60096 63014 62497 54199 50089 49245 49308 49622 49147 48329 48438 47916 48090 49079 49086 49162 48960 48325 50780 55206 58099 59571 61093 61854 62543 62226 62341 62186 61956 61965 62290 62302 62105 61924 61654 61640 61361 59386 51317 49928 47549 46705 45859 45308 45176 45033 44905 44752 44627 43740 43163 43185 43898 43479 42813 42745 42650 42788 43088 42922 42733 42852 42800
-99999 -99999 -99999 -99999 -99999 -99999 73251 75274 78377 75179 71415 65428 62164 62965 64482 62608 52230 49337 48894 48898 49276 49314 48215 47860 47925 47764 48067 48275 47795 47875 47464 48000 48608 49202 49979 52525 54528 56065 57012 59891 60718 60587 61335 61801 62214 62011 62017 61630 61323 59985 52904 50489 48278 47440 46588 45745 45193 45050 44922 44775 44649 44523 44377 43177 43074 43344 43389 43063 42793 42600 42629 42838 43547 43059 42666 43147
