3D Modeling/dem.asc
ncols         143
nrows         206
xllcorner     170.0
yllcorner     855.0
cellsize      10.0
NODATA_value  -99999
[rows 34 to 67 of 205, columns 0 to 75 of 143]
-99999 -99999 -99999 -99999 -99999 -99999 72951 76759 80680 77542 69796 65502 62754 66507 66476 63413 57269 49276 48662 48622 48851 49220 48895 48252 47802 47545 47094 47477 47656 47426 47270 47071 47048 47040 47514 47937 48396 48846 49223 51866 51847 52418 55087 59818 59930 60609 60719 60907 60446 58473 50603 49010 48173 47317 46478 45627 45067 44939 44792 44666 44540 44396 44265 44121 42922 42756 42832 42883 42634 42318 42598 42874 43138 42737 42818 42936
-99999 -99999 -99999 -99999 -99999 -99999 71342 74118 78683 79920 68734 65705 63714 63826 64323 61380 57705 51480 48304 48185 48335 48377 48391 47711 47167 47199 47614 46784 47022 47210 47178 47041 46964 46907 46876 46847 46952 47118 47269 47427 47587 47744 51431 51825 52718 53068 53537 53863 57176 54279 50361 48903 48048 47212 46356 45516 44956 44809 44683 44557 44413 44282 44142 44007 43881 43045 42842 42636 42562 42313 42937 42845 43089 42697 43321 42514
-99999 -99999 -99999 -99999 -99999 63297 71011 75186 80304 77136 68768 66498 64497 65377 65957 62669 57965 53973 48483 47947 47893 47850 47994 47380 47226 47247 47544 46304 46803 47436 47223 47002 46918 46835 46751 46689 46661 46671 46832 46988 47155 47312 47472 47624 47787 47944 48098 49379 54232 50530 49632 48794 47941 47099 46251 45405 44840 44699 44574 44430 44299 44159 44024 43898 43764 43631 42658 42389 42410 42152 42128 41357 42690 42273 42357 41652
-99999 -99999 -99999 -99999 -99999 62339 68429 74197 78848 69986 66832 65422 68951 69151 68478 65864 59702 55498 51400 47609 47372 47530 47711 47414 47386 47296 47260 47217 47512 47252 47040 46956 46872 46789 46705 46621 46538 46454 46515 46549 46682 46872 47031 47192 47355 47506 47661 48238 50064 50337 49527 48678 47837 46983 46146 45290 44718 44590 44447 44315 44176 44040 43915 43781 43640 43509 43374 42570 42245 41511 41230 40089 41457 40861 41351 41887
-99999 -99999 -99999 -99999 -99999 59313 63873 68006 67488 69450 68971 65466 70388 69524 68644 66447 60720 54629 53162 48497 47342 47696 47336 47289 47193 47504 47577 47159 46986 46819 46994 46910 46826 46743 46659 46575 46503 46419 46347 46264 46376 46441 46492 46760 46913 47074 47229 47490 50114 50403 49411 48566 47716 46876 46021 45184 44607 44464 44332 44193 44057 43931 43797 43656 43526 43381 43255 42624 42124 41446 41196 40191 40151 40470 41458 41813
-99999 -99999 -99999 -99999 -99999 57817 62735 67068 67342 66034 65745 64735 70634 71288 69567 66674 65091 59106 51629 50617 46762 47079 47102 47038 47186 47612 47083 46571 46899 46571 46751 46584 46500 46498 46622 46541 46469 46385 46301 46218 46134 46050 46218 46291 46353 46634 46793 47645 52285 50208 48083 47634 47605 46754 45914 45059 44481 44349 44209 44074 43948 43814 43673 43543 43398 43272 43135 42997 41837 41456 41264 40883 40643 40559 40967 41001
-99999 -99999 -99999 -99999 -99999 60367 61947 60690 65398 63869 64415 64679 66181 70323 67859 65743 64813 62923 54714 47470 47261 46669 46305 46334 47179 46958 46118 47184 48089 47400 46506 46673 46133 46241 46546 46414 46280 46417 46460 46172 46088 46004 45921 45837 45960 46151 46236 46782 49454 48601 45685 47340 46623 45950 45792 44953 44366 44234 44091 43965 43831 43690 43560 43415 43289 43163 43018 42888 42754 41633 41305 41321 41444 40861 40638 40692
-99999 -99999 -99999 -99999 56059 62560 64173 65140 65673 63937 63243 64800 60865 67968 68477 66147 65642 64865 57418 48588 46696 46599 46570 45437 46406 46331 46272 47313 47042 47042 46640 46134 46184 46281 46334 46150 45878 46536 46827 45993 45893 45809 45843 45726 45656 45647 45680 46425 49514 47623 45533 44932 44785 45589 45324 44835 44257 44119 43982 43848 43707 43577 43432 43306 43180 43035 42905 42763 42630 42498 41487 41141 41044 41257 41161 40993
-99999 -99999 -99999 -99999 57741 60529 62935 63757 63017 65299 63981 64619 61791 64236 66383 66258 65954 65001 58185 49344 46483 46762 47174 46372 45505 46079 46326 47101 46786 46399 46185 46333 46465 46280 45782 46119 45693 45878 45565 45908 45452 45690 45840 45555 45478 45538 45468 45285 45072 45056 44949 44802 44674 44531 44790 44606 44136 43998 43865 43723 43594 43449 43323 43197 43051 42922 42780 42647 42514 42372 42242 40939 41219 41217 40956 40969
-99999 -99999 -99999 -99999 60196 60426 62176 63446 62639 63107 63237 63677 62537 61167 61217 64355 61426 58629 54441 49137 46783 46840 46672 46705 46291 46213 45274 45956 45917 45850 45985 46142 46057 45964 45872 45252 45877 45604 45704 45459 45857 45651 44995 45042 45305 45151 45143 44773 45479 44971 44819 44691 44548 44416 44290 44153 44015 43882 43740 43613 43466 43339 43213 43068 42939 42797 42664 42538 42402 42263 42131 41986 41158 40843 40796 40956
-99999 -99999 -99999 -99999 59665 58806 58569 61394 61593 61530 62649 63614 63618 63146 60226 62151 58409 57147 53013 48313 46698 46456 46721 46571 46729 46791 46459 45497 45295 45482 45762 45787 45784 46041 45998 46557 45641 46181 46116 45545 45433 44980 45042 45470 45310 45374 46453 45412 44988 44836 44708 44565 44433 44307 44170 44032 43899 43757 43631 43503 43356 43230 43085 42955 42814 42680 42554 42419 42279 42148 42005 41876 41730 41078 40862 41695
-99999 -99999 -99999 -99999 60083 59737 58428 59572 60952 61989 62124 62293 62144 61353 59016 57592 55860 50736 49476 47396 46633 46661 46882 46922 46998 46450 46414 46697 45945 45111 44967 45082 45142 45161 45560 45549 45514 44738 45305 45363 45194 45315 45617 45738 45271 44820 44925 46239 44857 44725 44599 44456 44324 44187 44049 43915 43774 43648 43520 43373 43247 43102 42972 42831 42697 42571 42436 42296 42165 42021 41893 41746 41620 41494 41222 41662
-99999 -99999 -99999 -99999 59251 59127 58347 58698 59506 61654 60967 59732 59128 58091 56841 55959 53149 49701 47411 47086 46794 46762 46869 47101 46827 46666 46455 46724 46520 45909 44957 44659 44899 45168 44940 44869 45590 45466 45168 45122 46172 45801 45879 46158 45409 44793 45635 45131 44769 44615 44474 44340 44203 44065 43932 43791 43665 43537 43390 43264 43119 42989 42848 42714 42588 42453 42313 42181 42038 41912 41783 41637 41511 41368 41221 41558
-99999 -99999 -99999 -99999 58647 57372 57461 57529 58971 60074 58804 57685 56532 56596 55878 54501 50015 48405 47854 48335 47096 46458 46999 46689 46365 46843 46746 45737 45906 45757 45875 45327 45184 44796 44975 44754 45174 45348 44983 45499 46138 45835 45613 45310 45205 45068 44425 41520 41347 41176 41001 40829 40653 40481 40305 40132 39960 39783 39606 39428 39251 39077 38899 38725 38550 38372 38197 38018 37843 37666 37485 37305 37128 36948 36771 36667
-99999 -99999 -99999 57044 56072 56276 56075 57164 57483 58104 56750 56534 55609 55514 55344 51289 49452 47288 48388 49291 47993 47827 47008 46361 46451 46918 46515 45865 45811 45857 45867 45815 45364 44734 44284 44561 44746 44839 44915 45525 45239 45027 45094 45001 44896 44796 44203 40845 40677 40510 40342 40175 40007 39840 39672 39505 39337 39170 39002 38835 38667 38500 38332 38165 37997 37830 37662 37495 37327 37160 36992 36825 36657 36490 36322 36155
-99999 -99999 -99999 55601 54518 53645 54994 56247 56617 56437 55976 55646 55735 54848 53907 49769 47736 47391 47079 47938 48398 49216 48169 47612 46548 47307 46134 45502 45733 45550 45297 45231 45457 45120 44748 44694 44441 44443 44701 44969 44879 45257 45079 44828 44723 44623 44087 40947 40779 40612 40444 40277 40109 39942 39774 39607 39439 39272 39104 38937 38769 38602 38434 38267 38099 37932 37764 37597 37429 37262 37094 36927 36759 36592 36424 36257
-99999 -99999 -99999 56493 54796 52903 53972 55193 56323 55818 55627 54919 55123 54205 50904 48741 47451 47159 46989 46765 47007 47806 48261 48928 47672 46858 45928 45241 45644 45835 45254 45567 45606 45257 45145 45138 44626 44137 44232 44485 44812 45881 46314 44831 44550 44450 43968 41048 40881 40713 40546 40378 40211 40043 39876 39708 39541 39373 39206 39038 38871 38703 38536 38368 38201 38033 37866 37698 37531 37363 37196 37029 36861 36694 36526 36359
-99999 -99999 -99999 51583 51988 52007 52315 53809 55572 55625 55828 54484 53945 52152 48642 47635 47330 47278 46999 46641 46644 46995 47203 47830 48238 46466 45769 45300 45237 45434 45300 45593 46136 45443 45281 45324 45305 44249 43942 44166 44809 44998 45495 45771 44479 44277 43846 41150 40983 40815 40648 40480 40313 40145 39978 39810 39643 39475 39308 39140 38973 38805 38638 38470 38303 38135 37968 37800 37633 37465 37298 37130 36963 36795 36628 36460
-99999 -99999 -99999 50371 51099 50967 50888 51540 53007 53982 54840 53885 51875 48437 47898 47605 47239 47082 46977 46588 46727 46943 46971 47164 46379 46488 45986 45475 45122 45325 45221 45517 45837 45582 45222 45375 45437 44859 44252 44319 43994 44248 44756 44869 44565 44197 43722 41252 41084 40917 40749 40582 40414 40247 40079 39912 39744 39577 39409 39242 39074 38907 38739 38572 38405 38237 38070 37902 37735 37567 37400 37232 37065 36897 36730 36562
-99999 -99999 51275 50359 51255 50596 50503 50218 49607 48683 49383 50556 49264 48248 47601 47484 47083 46744 46798 46736 46788 46830 46711 46663 46049 45931 45555 45246 45271 45223 45081 45070 45214 45117 45136 45375 44604 45234 44771 44640 44007 44039 44120 44102 44324 44500 43616 41354 41186 41019 40851 40684 40516 40349 40181 40014 39846 39679 39511 39344 39176 39009 38841 38674 38506 38339 38171 38004 37836 37669 37501 37334 37166 36999 36831 36664
-99999 -99999 51912 52784 51282 50537 50283 49627 48840 48609 48083 47860 47622 47870 47305 47310 47066 46988 46976 46803 46667 46771 46707 46399 46039 45582 45272 45270 45179 45159 44896 45174 45447 45122 44931 45084 45190 44932 45270 44954 44272 44035 43796 43505 43860 44061 43579 41455 41288 41120 40953 40785 40618 40450 40283 40116 39948 39781 39613 39446 39278 39111 38943 38776 38608 38441 38273 38106 37938 37771 37603 37436 37268 37101 36933 36766
-99999 -99999 52867 53771 52053 50899 49592 48714 48640 48519 48094 47720 48192 49895 47354 46778 46749 46884 46877 46758 46680 46692 46515 45923 45389 45389 45688 45208 45519 45374 45333 45358 45210 45117 44565 45207 45321 44646 44999 44369 44806 44810 44430 43929 42915 43440 43352 41557 41390 41222 41055 40887 40720 40552 40385 40217 40050 39882 39715 39547 39380 39212 39045 38877 38710 38542 38375 38207 38040 37872 37705 37537 37370 37202 37035 36867
-99999 -99999 53212 53906 52215 50518 49308 48910 49155 48681 47787 48117 50178 47944 46335 46684 46745 46791 46942 47107 46887 46501 46745 46145 45469 45616 44910 45481 46019 45630 45226 45072 44837 44748 44775 44851 45126 45606 45185 44525 44967 44744 44339 44415 43957 43033 42618 41659 41492 41324 41157 40989 40822 40654 40487 40319 40152 39984 39817 39649 39482 39314 39147 38979 38812 38644 38477 38309 38142 37974 37807 37639 37472 37304 37137 36969
-99999 -99999 52633 50976 50634 50044 49000 48304 48196 48131 47957 48349 49318 47416 47313 46755 46572 46585 46602 46637 46502 46208 46409 46205 45616 44699 44888 45558 45689 45171 44830 44781 44682 44668 44800 45417 44615 44619 45011 45210 44421 44158 44088 43982 44648 43709 43294 41761 41593 41426 41258 41091 40923 40756 40588 40421 40253 40086 39918 39751 39583 39416 39248 39081 38913 38746 38578 38411 38243 38076 37908 37741 37573 37406 37238 37071
-99999 -99999 52378 51112 51195 50687 49179 48584 48176 47873 48408 49234 47113 46409 46312 46133 46203 46443 46625 46198 46053 45982 45779 45707 45386 44148 45041 45495 45531 44766 44531 44798 44643 44778 44653 44314 44436 44743 44709 44492 44662 44379 44349 44681 44552 44173 44739 41868 41695 41528 41360 41193 41025 40858 40690 40523 40355 40188 40020 39853 39685 39518 39350 39183 39015 38848 38680 38513 38345 38178 38010 37843 37675 37508 37340 37173
-99999 53396 53605 54418 55762 51145 49635 49024 48658 48567 48009 48438 46594 46423 46030 45885 46135 46412 46479 46318 45978 45845 47441 46819 44880 44987 45499 45512 45897 45096 44451 44369 45390 44489 44109 44493 44867 44922 44459 44247 44526 44310 44182 44322 44085 45027 43075 41985 41797 41629 41462 41294 41127 40959 40792 40624 40457 40289 40122 39954 39787 39619 39452 39284 39117 38949 38782 38614 38447 38280 38112 37945 37777 37610 37442 37275
-99999 54861 56346 58519 58240 53966 50394 49667 50373 48703 47782 47576 46598 47349 46230 46183 46165 45837 46035 46030 45667 46301 46987 47481 46876 45620 45688 44610 45030 44433 43608 45399 45271 44692 44159 44830 44783 44460 43802 44041 44661 44161 43992 44891 45393 44081 42480 42068 41899 41731 41564 41396 41229 41061 40894 40726 40559 40391 40224 40056 39889 39721 39554 39386 39219 39051 38884 38716 38549 38381 38214 38046 37879 37711 37544 37376
-99999 56974 59034 58519 57526 55590 52325 50053 50223 48414 48775 47618 46648 46955 46726 46800 46054 45767 45988 45713 45442 45942 45881 46266 48048 45628 45264 44234 43604 43423 44803 44684 44607 44657 44080 44863 44553 44080 44080 44247 44407 44549 44730 44168 44137 42605 41860 42156 42000 41833 41665 41498 41330 41163 40995 40828 40660 40493 40325 40158 39990 39823 39656 39488 39321 39153 38986 38818 38651 38483 38316 38148 37981 37813 37646 37478
-99999 58321 58916 58672 57346 55825 52718 50707 49511 50117 51034 48706 46297 46306 46608 46250 46442 45757 45677 45402 45751 45773 45331 45672 46646 45637 44516 43974 43443 44337 44816 44867 44381 44404 44060 44317 44440 44053 44318 43805 44304 43879 43935 43447 42554 42646 42373 42256 42102 41935 41767 41600 41432 41265 41097 40930 40762 40595 40427 40260 40092 39925 39757 39590 39422 39255 39087 38920 38752 38585 38417 38250 38082 37915 37747 37580
-99999 58454 57992 58007 56382 55349 53079 50669 51055 51330 52181 52042 46737 46296 46160 45740 46303 46535 45971 45642 45397 45241 45415 45338 45456 45132 44673 44308 44660 44815 44720 45961 44115 44400 44050 44390 44698 43888 44170 44039 43641 44315 45715 45256 42333 42751 42917 42368 42204 42036 41869 41701 41534 41366 41199 41032 40864 40697 40529 40362 40194 40027 39859 39692 39524 39357 39189 39022 38854 38687 38519 38352 38184 38017 37849 37682
-99999 57179 59180 57362 54838 53215 52552 51907 51976 51352 51686 51951 48130 45837 45867 46136 46962 47681 46560 45700 45370 45348 45502 45216 46021 44538 44396 45492 45248 46301 45958 43906 44061 44098 44270 45068 44904 43793 43665 43885 44380 44596 43675 42404 42339 42728 42507 42472 42306 42138 41971 41803 41636 41468 41301 41133 40966 40798 40631 40463 40296 40128 39961 39793 39626 39458 39291 39123 38956 38788 38621 38453 38286 38118 37951 37783
-99999 60241 58126 54971 56214 57567 55952 52889 52129 51165 49806 49951 45726 46121 46244 45891 45658 46823 47508 46562 45501 45526 45327 45421 45983 44718 43754 43539 43982 45059 44816 44043 43912 43769 44061 44482 44462 43942 43752 43951 43774 43026 41837 42065 42605 43057 42666 42572 42408 42240 42073 41905 41738 41570 41403 41235 41068 40900 40733 40565 40398 40230 40063 39895 39728 39560 39393 39225 39058 38890 38723 38555 38388 38220 38053 37885
57242 57501 55312 57973 59624 59102 56401 52191 49481 48643 46665 44097 45342 46871 46074 45670 45520 45406 45707 47113 47501 45479 45382 45352 45839 43700 44359 43606 44181 46007 45742 43896 43710 43936 43951 44081 43939 44314 44825 44103 42834 41734 42525 43518 43354 42937 42751 42676 42509 42342 42174 42007 41839 41672 41504 41337 41169 41002 40834 40667 40499 40332 40164 39997 39829 39662 39494 39327 39159 38992 38824 38657 38489 38322 38154 37987
57895 59815 60066 59997 59132 57824 55522 51598 48510 47271 44705 43851 45738 46205 45852 45663 45312 45500 45373 45357 45486 45028 45094 46933 42387 41859 42121 44491 44122 43617 43552 43417 43519 43924 43964 44062 44671 45157 45509 43990 42046 41736 42468 42568 42517 42466 42861 42753 42611 42444 42276 42109 41941 41774 41606 41439 41271 41104 40936 40769 40601 40434 40266 40099 39931 39764 39596 39429 39261 39094 38926 38759 38591 38424 38256 38089
